-8.120086406025572856e-01
-9.717406125115717330e-01
2.282403270807460416e-01
1.920837509142943045e-01
3.229002883010312352e-01
6.632741262719425990e-01
2.160124606945643677e-01
9.759378121849673349e-01
8.008192122957726866e-01
-5.166639223563431749e-01
-7.369320364212450514e-03
-5.791248578452370399e-01
-3.311173506956275325e-01
5.167173355807173074e-01
6.062746411518973311e-01
-8.255182075115765628e-01
1.034983017416517548e-01
2.468396207934711040e-01
5.907873506463998670e-01
7.339320912805584740e-01
-6.334140688573060007e-01
-4.862283869644568046e-01
-3.555098410205326243e-01
9.163744276625473972e-01
-6.755249852659575005e-01
7.473495295372853953e-01
2.365521987473220289e-01
-9.460630370813682966e-02
-2.157661247266084992e-02
6.370865340002904720e-01
1.988165784087616572e-01
-5.835221994940600343e-01
4.926405058641667445e-01
8.146820557095135751e-01
9.252787275133411704e-01
6.080315179791322411e-01
-2.949489905717341820e-01
4.696233445215396429e-01
8.119990884361274475e-01
4.653629797426888093e-01
4.172973937711328407e-01
-7.357945869268123218e-02
1.182620758123080762e-01
1.136703570794752594e-01
3.925024075409626612e-01
-9.861964349143104158e-02
4.637862177606424385e-01
5.537114662299058576e-01
4.138991812147654326e-01
7.042781600955598797e-01
8.055322372767765859e-01
-3.051607252722279284e-01
-9.022944761193159025e-01
1.566273150969099692e-01
8.540275611470373729e-01
8.553520572137440769e-01
8.742028250159601388e-01
-1.978813028557873110e-01
-2.400764732874431928e-01
2.479887162095824049e-01
1.143012571300989766e-01
5.533134199591664970e-01
-1.806994388652711780e-01
9.637210160656883851e-01
3.670191972889567111e-01
3.591450228255812505e-01
-4.007160315648443660e-01
-7.847947096769170017e-01
5.573675297564850695e-02
-2.134200832466515152e-02
7.753613959170624348e-01
-3.702326739773309505e-01
5.094421520221015243e-02
-4.198157746216464314e-01
-1.849177733235296550e-01
2.986413432972019333e-01
-7.810514923805935705e-01
-9.273496422724525345e-02
-4.086986281895022000e-01
-1.699495754632855959e-01
5.944365421277122419e-01
-3.666906415041160106e-01
-4.052746459280986979e-01
-3.314612448403901901e-01
1.714633756578987089e-03
1.143228716197435268e-01
1.302790301997807099e-01
5.782539100224948214e-02
7.455891112964849743e-01
-2.032527127468857220e-01
-4.448356616783561979e-01
-1.628223585536059392e-01
6.144673324672522696e-01
-1.731861985315981123e-01
2.238177647753218924e-01
-1.694378983854758491e-01
7.061200888652292562e-01
9.428087874949213631e-01
-8.117156565422709580e-01
3.820906892259947618e-01
-2.307177003967526563e-01
2.137700103647182104e-01
-9.790501154740387513e-01
-4.606713029538205273e-01
9.618274078149346984e-01
-1.604817376232057224e-01
9.363064189185319464e-01
2.533292738253978271e-02
9.206181113092171131e-01
-7.795639025863276839e-01
2.716406951090593047e-01
-8.891412844656161329e-01
-5.397101686892031847e-01
-4.455815633883886129e-02
8.244563240532785109e-01
-5.034470686029350883e-01
-9.292770751177454880e-01
-8.335253371415056733e-01
7.221225694904154224e-02
-1.860085765147225789e-01
-9.060277431282861560e-01
9.843581014465503376e-01
5.032780318922647211e-02
7.721877106150711878e-01
5.022723651669247502e-01
-9.939634511204409328e-02
4.280914836021523229e-01
2.745064860061123824e-01
6.935779398840902221e-01
-2.704030607520568896e-01
6.114593579438054594e-01
-3.268039471990515921e-01
7.553881976219516403e-01
3.855139426170814954e-01
8.708360202741811662e-01
9.033016474428465781e-01
9.546550479484663398e-01
2.421452752982888867e-02
-9.237538960377933428e-01
2.312391786633907209e-01
-5.500148400649760294e-01
7.933195830409702776e-01
7.189884357818701055e-01
3.906265171196741104e-01
3.914086083774084290e-01
-7.117063601762207981e-01
9.643317972211098432e-01
4.296694774524372207e-01
-8.361854520565037419e-03
5.876919604538621833e-01
4.738018700229651436e-02
4.416196651763757419e-01
1.315601338877634419e-01
-1.083695060885916384e-01
-8.386143677904023264e-02
4.731590856211695950e-01
4.725736376360003543e-01
7.544671543472489805e-01
1.213061472501431037e-01
-9.481946174413780071e-03
2.037187384735010820e-01
3.423498502919817277e-01
-1.899071559909795148e-01
3.618725585370063946e-02
-1.249046433578016035e-02
-6.766211392741119379e-01
7.785905461862603349e-01
-8.400610199454059401e-01
-5.607837960124610888e-01
7.135876189605603326e-01
8.746883120976316484e-01
2.243821010363937773e-01
-6.833200864571062905e-01
3.034962713638611476e-01
-4.319727770327213001e-01
8.781227240415705459e-01
1.610386929351670382e-02
1.623762408539763946e-01
7.281260884057161320e-02
4.856337392424754373e-01
-9.609423941939378988e-01
8.394650994768757535e-01
5.777835354837359549e-01
-5.115690266549810516e-01
8.560412639899017684e-01
-8.691294519909260607e-01
5.065422004145128110e-01
-4.817627443567331635e-01
-6.572960120191360112e-01
-4.657869366299973723e-01
-3.319956774255536924e-01
-9.586116428714226423e-01
9.094238600649660054e-01
-2.690527339270960550e-01
7.440855343743044692e-01
9.389077936572862715e-01
-2.085965798494184842e-01
-3.172871726068993148e-02
7.261242559289367016e-01
9.775608504375170593e-01
3.490321531873412653e-01
-4.175500802582154947e-01
1.227683780440165240e-01
1.943825581591573926e-01
-5.668681723786876958e-01
-3.379363054039175029e-01
-6.058932620450805384e-01
-3.063124272349468935e-01
-6.171271485018443581e-01
9.102235506030118550e-01
6.321082210606265850e-01
9.970730439379265064e-01
-1.608432551360143847e-01
9.840811478725159933e-01
-3.306975744532147932e-01
-6.126450742115638892e-01
6.882808252137353477e-01
2.725300430924493256e-01
-5.757939958282929371e-01
-5.397702762645308905e-01
6.579611449988815863e-01
2.957876897830691298e-01
-1.409425103699348814e-01
-6.514093841872738988e-01
2.563255425735315729e-01
6.340783925577884172e-01
-5.744966860936440156e-02
-5.414445357346302501e-01
-8.391589838252255795e-01
-1.346409608897267685e-01
1.487725319097281673e-01
-3.308756247745014978e-01
-1.241881162861524501e-01
3.992170186233878759e-02
8.437636717140284404e-02
-8.689114363406975627e-01
1.899941571095860038e-01
3.881349810090022334e-01
3.011258752911263326e-01
-4.860209048308941071e-01
-2.511072002539498360e-01
9.916092222034931236e-01
7.167678004808073489e-01
5.196484841151214340e-01
2.345407465187825391e-01
-6.975142407762735530e-02
9.600153265771560473e-01
9.758251785444285176e-01
5.173933135183783616e-01
2.783686939922995762e-01
-7.037010218806205586e-01
8.331745886540720125e-01
-1.906972325612510399e-01
-8.026146346884632798e-02
-5.425720369234199314e-01
-2.992414606293241075e-01
-4.985136809146533121e-01
6.831606749869305606e-01
4.051171883666631057e-01
9.700885330751862767e-02
1.994538857608714189e-01
8.815110551974423281e-01
6.134800013666479312e-01
6.514564827639717226e-01
8.557920465170827384e-01
4.215716364726309617e-01
1.624780633232751903e-01
2.850007854159071208e-01
2.662760855960104589e-01
6.828611424919168726e-01
3.374736970765628286e-01
-9.616038116653990997e-02
-1.876232191492297474e-01
5.371829174757647429e-02
5.117296991398865291e-01
-9.627470353998788255e-01
-5.754721657178694105e-01
8.871445415876855201e-01
-5.587827877626438955e-02
-6.139453281147322361e-01
-5.205470129409841551e-01
-7.186726958417120059e-01
-4.691935790360113323e-02
2.136461254771080398e-01
5.638778610509236344e-01
3.868971606816484776e-01
-4.268994455602519444e-01
-2.605534042355406310e-01
-5.964779274853888591e-01
-5.193186454894698212e-01
6.761641871704568985e-01
7.056487588416127110e-02
7.848635900909637364e-01
5.344981031955666761e-01
9.270375232361909301e-01
-4.602925701115525570e-01
9.009349008712517204e-01
-9.282698982898494044e-01
8.489115778018303526e-01
-1.221714319766178392e-01
3.258927796911528230e-01
7.620549155443923084e-02
7.487005459506872462e-01
8.986192126829257720e-01
-4.357943111557731619e-01
4.675387028060840056e-01
8.136760608621342872e-01
1.947440955752541836e-01
-5.332298341575223422e-01
-5.323495420405279788e-01
4.933936917351071649e-01
6.415206250617013772e-01
5.382083246188340553e-01
7.931680513188081871e-01
8.216593500400253269e-01
2.899933415370590239e-01
5.988465093458785748e-01
-7.164871034212927370e-03
8.377992978516972666e-01
-2.274314316918766288e-01
5.064593313244114547e-02
-3.517607621929763617e-01
3.119128788161120713e-01
4.662266037900320015e-03
6.438737526053082139e-01
4.839115024245221885e-01
-8.140551964915030414e-01
4.401366095257408517e-01
8.858842978964114323e-01
4.818642690629140191e-01
-8.850115838985936900e-01
3.701230816032576865e-01
-2.475044279930238567e-01
-5.647946810901389725e-01
-1.636137149647640676e-01
1.186210149006676762e-01
7.908746481714743481e-01
1.989672942972386949e-02
9.244603341014496767e-01
8.609235887649149266e-01
5.018116099251397344e-01
-3.569577199005058432e-02
4.066995184876625036e-01
-1.040083450641846596e-01
8.374297245987352145e-01
8.926601955511179742e-01
5.704651687418482719e-01
6.805241436932056853e-01
-6.451111550917936199e-01
-1.371156996018121355e-01
9.995485971884150445e-01
2.239037481666363849e-01
7.845102359065532216e-01
8.695161733432017481e-01
5.860193129249418043e-01
8.876796517092611083e-03
-3.046990545461401023e-01
5.002544769278016723e-02
7.019673636793148930e-01
7.388563016429705588e-01
4.997984697519406438e-01
6.821214612309409731e-01
-4.270860823310174137e-01
5.906162211610490598e-01
2.068783208904734217e-02
-8.532313689368777876e-01
8.196337495606711432e-01
-1.166162720824801546e-01
-4.614246948184608232e-01
-4.654939825427615308e-01
-3.413963510774156163e-01
-4.094112076978313475e-01
-9.080756178611268936e-01
9.396791549124776655e-01
4.721341380627877005e-01
-2.261074143540089398e-01
9.902156886706481309e-01
-1.667703639939404070e-01
9.864203056340854481e-01
-1.132139165063958952e-01
-2.397615881340064981e-02
-7.340349828789216602e-01
-8.043856537127271888e-01
-6.273387531163228115e-01
4.217628093872189954e-01
7.949717273333103407e-01
-1.323193220414033977e-01
-3.948600403806292736e-01
-9.537550014672373511e-01
8.465362032394783132e-01
1.858890265356532012e-01
4.325727298459149939e-01
-2.597049336031933553e-01
8.704693747272977955e-01
1.160313422244894088e-01
-4.019024108206419310e-01
7.656007113036895628e-01
7.910019849101681544e-01
6.826292901131392199e-01
-9.406095658623836453e-01
-9.994000169730137273e-01
-5.106139284542177137e-01
6.699008258852996445e-01
-1.189551070289520673e-01
7.928729684322364246e-01
-7.757268381098687549e-01
6.606469896407429765e-01
-1.547429318751207816e-01
9.102371063688012853e-01
9.278627783074080426e-01
3.547115656206112355e-01
3.904628288038285433e-01
8.658507832691531014e-02
-4.759066363981356851e-02
1.183202470193827072e-01
-5.360543848722589821e-01
4.804661457158088123e-01
-7.901904943121729197e-02
-7.015887401980285265e-01
7.346823714049941501e-01
9.229678376348502411e-01
8.989582084735996403e-01
-6.945349999465588731e-02
-4.226801291869382027e-01
5.088163344273779476e-01
-2.886483169689504358e-01
3.348982128649877765e-01
-6.142899341493732734e-01
3.867280147844709415e-01
9.798876050826084150e-01
2.060762983381199120e-01
-1.117408462419267057e-01
9.655475391033128130e-01
1.257166753216005795e-01
1.227815918407793028e-02
9.010719607971198197e-01
9.468520606196992873e-01
2.525376443061806420e-01
3.085820885803958191e-01
-4.534401985416087744e-01
-3.266268483659136024e-01
-3.540522136467878500e-01
-8.283002551856428752e-01
2.550987193672351605e-01
2.961666591218470312e-01
4.626258914187291182e-01
-4.064432126969308445e-01
-8.321535574313110306e-01
-9.563677743146845600e-01
-2.327404489127107290e-01
6.198244830328891730e-01
-4.609239467321724071e-01
6.668442832798724407e-01
2.164187726219020114e-01
-2.748130569697619929e-01
3.700894833977301790e-01
-3.660699342510180809e-01
-5.102595373555862679e-02
5.109322892738854538e-01
-5.529833238492953829e-01
9.548185284338630563e-01
-7.507288277745869376e-01
-8.461120819357592637e-01
-1.453882817934570859e-02
-4.430112047042400469e-01
5.015123719321887830e-01
-2.316635993751823275e-01
-3.618751670763216133e-01
1.488515914382944061e-01
-2.656098792269776521e-01
9.521551529995986307e-02
8.681347757738553383e-01
-6.935887378073848364e-01
6.273070034535304096e-01
-7.169472415166697754e-01
1.150155689073701915e-01
-6.528539667763453291e-01
4.827591945831863907e-01
6.392571231465282722e-02
4.701051899382837629e-01
3.780863450848057639e-01
2.581083006575899397e-01
3.228318040519861931e-02
-7.457130971745207226e-01
1.696152332370515214e-01
-4.353056889904369786e-01
5.498890740864237348e-01
4.440556105347741589e-01
-4.886240823436871494e-02
4.990452554681199526e-01
2.563572582701572067e-01
-8.641352522412935055e-01
-5.604946448986836138e-01
-4.647541557814216517e-02
1.542310364003525169e-01
-9.390552904937499168e-01
7.079716310447614624e-01
6.409463269743242986e-01
-1.583174889643808037e-01
3.732237044594890474e-01
